0, ,300,000,000, ,300,000,000, ,230,820,000
1000, ,310,000,000, ,267,573,000	
1200, ,450,000,000, , , , 
	

0: ""
1: " , , , , , , , , , , , , , , , , , , , , , , , , , , , , , , , , , , , , , , , , , , , , , , , ,2555974605,2780923093,3041697768,3138922062,3349287332,3419728217,3711961664,3941550996,4088611586,4452547522,4852051940,5283687429,5696676739,5932090951,6008254795,6083550220,6159242510,6234361771,6456443080,6530984631,6606214786,6681112529,6755987239,6830586985,7200008584,7557514266,7892758722,8202205367,8487066951,8748743446,8987418540,9202458484,"
2: "300000000, , , , , , , , , , , ,450000000, , , , , , ,500000000, , , , , ,795000000, , , , , , , , , ,1265000000, , , , , ,1656000000, , , , , , ,2516000000, , , , , , , , , , , ,5760000000, , , , ,6215000000,6477000000,6555000000,6625000000,6705000000, , , , ,8000000000, , , , ,9352000000,"
3: "300000000, , , , , , , , , ,310000000, , ,400000000, , , ,500000000, , , , , , , ,791000000, , , , ,978000000, , , , ,1262000000, , , , , ,1650000000,1750000000, ,1860000000, ,2070000000,2300000000,2529346000,2763453000,3023358000, ,3331670000, ,3685777000, ,4061317000,4437609000,4846247000,5290452000,5713073000, , ,6115367000, , ,6512276000, , , , ,6908688000,7302186000,7674833000,8011533000,8308895000,8570570000,8801196000,8996344000,9149984000,"
4: " , , , , , , , , , , , , , , , , , , , ,640035774,662378306,679615896,689283580,769991547,824276110,846137329,864445832,949409344,982617842,980851296,1045073963,1069841690,1138392564,1192729394,1244327949,1270044073,1309430136, ,1397685022,1516025314,1633848213,1753594443, ,1888034127, ,2073363421,2299541939,2528313293,2767727535,3035624545,3155862958,3351348699,3420389193,3696590163,3923325629,4073741819,4442296596,4843949085,5279521283,5692354537,5930407103,6008326071,6085574386, ,6238183321,6464751609,6540285038,6615854053,6691483957, ,6842925208,7219433211,7577890552,7905241284,8199106302, , , , ,"
5: "230820000, , , , , , , , , ,267573000, , , , , , ,438428000,556148000, ,603490000, , , , , , , , , , , ,1041834000, , , , ,1271915000, , , ,1563622000, ,1791091000, , , , ,2524324000,2766471000,3038795000,3132691000,3328882000,3397631000,3685058000,3916489000,4065408000,4435598000,4830813000,5259502000,5677287000,5914930000,5997967000,6071144000,6149006000, , , , , , , , , , , , , , , ,"
